Abbeyleix||0||0||-734.7892300000001||-5291.52801
Achill Island||0||0||-1000.30307||-5396.39084
Adare||0||0||-879.1179399999999||-5256.40165
Ahakista||0||0||-963.21826||-5159.990819999999
Aherlow||0||0||-819.2259999999999||-5241.9800000000005
Aldergrove||0||0||-848.4187499999999||-5173.79556
Aran Islands||0||0||-965.6331999999999||-5309.71747
Ardara||0||0||-840.9286399999999||-5476.71456
Ardmore||0||0||-772.5328999999998||-5195.10741
Arklow||0||0||-615.99293||-5279.769349999999
Armagh||0||0||-665.161||-5434.875
Athlone||0||0||-794.0689799999999||-5342.3933099999995
Athy||0||0||-698.5728||-5299.18336
Ballina||0||0||-915.5069299999999||-5411.49482
Ballinafad||0||0||-833.33304||-5402.75633
Ballinasloe||0||0||-822.6946699999999||-5332.876209999999
Ballybofey||0||0||-778.7548099999999||-5479.68244
Ballybunnion||0||0||-967.0969999999999||-5251.108
Ballyconneely||0||0||-1007.01066||-5342.92767
Ballyconnell||0||0||-758.3954299999999||-5411.621749999999
Ballycotton||0||0||-800.9762099999999||-5182.99148
Ballyliffin||0||0||-739.42123||-5527.84391
Ballymacarbry||0||0||-771.7650399999999||-5226.7080399999995
Ballymena||0||0||-718.4229999999999||-5532.024999999999
Ballyshannon||0||0||-819.20416||-5450.29882
Ballyvaughan||0||0||-914.9423299999999||-5311.553330000001
Banagher||0||0||-799.53507||-5318.6464
Bandon||0||0||-873.1817400000001||-5174.612399999999
Banteer||0||0||-890.7314899999999||-5212.83217
Bantry||0||0||-944.86028||-5168.08923
Belfast||0||0||-592.87029||-5460.210029999999
Belturbet||0||0||-744.9668||-5410.190559999999
Birr||0||0||-790.96882||-5309.800520000001
Blackrock||0||0||-617.70668||-5330.0791
Blarney||0||0||-856.69615||-5193.435849999999
Blessington||0||0||-653.40687||-5316.965789999999
Boyle||0||0||-829.72756||-5397.22082
Bray||0||0||-611.10741||-5320.0903
Bunclody||0||0||-665.2193||-5265.50857
Buncrana||0||0||-745.3447699999999||-5513.46509
Bundoran||0||0||-827.79341||-5447.91416
Bunratty||0||0||-881.11283||-5269.8874000000005
Bushmills||0||0||-662.31673||-5331.23389
Caherdaniel||0||0||-1009.95294||-5176.90125
Cahir/Caher||0||0||-792.70751||-5237.45471
Cappoquin||0||0||-785.1624899999999||-5214.6426599999995
Caragh Lake||0||0||-986.6667||-5205.0
Carlingford||0||0||-618.69543||-5404.266879999998
Carlow||0||0||-685.03703||-5271.89747
Carrick-on-Shan||0||0||-808.5522100000001||-5394.518830000001
Carrick-on-Suir||0||0||-741.8970800000001||-5234.764950000001
Carrickmacross||0||0||-671.88238||-5397.79778
Cashel||0||0||-788.76747||-5251.6757
Cashel Bay||0||0||-997.0351299999999||-5395.5272
Castlebaldwin||0||0||-837.5880900000001||-5407.92486
Castlebar||0||0||-928.7925699999998||-5385.50014
Castleblaney||0||0||-673.97374||-5412.0659000000005
Castledermot||0||0||-684.73809||-5290.89608
Cavan||0||0||-736.29406||-5399.06046
Clifden||0||0||-1001.7925299999999||-5348.8985999999995
Clonakilty||0||0||-888.8699499999999||-5162.1506
Clondalkin||0||0||-639.5216300000001||-5332.17372
Clones||0||0||-723.0667100000001||-5417.968290000001
Clonmel||0||0||-769.0255099999999||-5235.58172
Cobh||0||0||-829.4285799999999||-5185.0335700000005
Coleraine||0||0||-766.048||-5294.437
Cong||0||0||-928.3460399999999||-5354.168439999999
Cork City||0||0||-848.63157||-5189.68917
Courtown Harbour||0||0||-622.94642||-5264.68638
Crossmolina||0||0||-931.5845599999999||-5410.0342
Dalkey||0||0||-610.5843600000001||-5327.79106
Derry||0||0||-824.948||-5259.625
Dingle||0||0||-1027.0536||-5213.87608
Donegal||0||0||-811.0545999999999||-5465.41972
Doolin||0||0||-937.3047600000001||-5301.74444
Drogheda||0||0||-635.6098499999999||-5371.7856
Dublin||0||0||-626.0309699999999||-5334.98053
Dun Laoghaire||0||0||-613.3895200000001||-5329.44124
Dunadry||0||0||-613.95||-5469.884
Dundalk||0||0||-640.5957||-5399.794510000001
Dundrum||0||0||-624.32643||-5328.913210000001
Dunfanaghy||0||0||-796.94369||-5518.34711
Dungarvan||0||0||-762.03627||-5209.36763
Dunlavin||0||0||-670.16395||-5305.78764
Dunmanway||0||0||-911.18088||-5172.22571
Durrus||0||0||-952.1993||-5162.17112
Ennis||0||0||-898.8738399999999||-5284.74255
Enniscorthy||0||0||-656.6130099999999||-5250.21968
Enniskillen||0||0||-769.2053599999998||-5314.23672
Ennistymon||0||0||-929.3495099999999||-5294.037200000001
Fahan||0||0||-747.24123||-5508.76125
Fermoy||0||0||-827.5561099999999||-5213.93605
Furbo||0||0||-920.495||-5324.918000000001
Galway City||0||0||-905.66677||-5327.05588
Glandore||0||0||-912.0972199999999||-5156.65072
Glendalough||0||0||-632.984||-5301.1979999999985
Glengarriff||0||0||-955.2222399999999||-5175.00277
Gorey||0||0||-629.43022||-5267.573549999999
Gougane Barra||0||0||-931.4779999999998||-5183.941
Greystones||0||0||-607.93414||-5314.91175
Hillsborough||0||0||-676.37068||-5316.49222
Holywood||0||0||-659.9053||-5309.18211
Howth||0||0||-606.46843||-5338.58469
Innishannon||0||0||-865.65357||-5176.461539999999
Kanturk||0||0||-890.5166899999999||-5217.725489999999
Kenmare||0||0||-958.35174||-5188.00967
Kilkee||0||0||-964.44116||-5268.282279999999
Kilkenny||0||0||-724.47879||-5265.41454
Killaloe||0||0||-844.75152||-5280.8886
Killarney||0||0||-950.44265||-5205.993530000001
Kilrush||0||0||-948.5937399999999||-5264.06999
Kilternan||0||0||-619.37835||-5323.59571
Kinsale||0||0||-852.25014||-5170.60502
Knock||0||0||-892.1465999999999||-5379.00638
Lahinch||0||0||-933.66629||-5293.26784
Larne||0||0||-843.8972699999999||-5186.17245
Leenane||0||0||-969.3132499999999||-5359.559560000001
Letterfrack||0||0||-994.8231699999999||-5355.360340000001
Letterkenny||0||0||-773.42787||-5495.58392
Limerick City||0||0||-863.0497499999999||-5266.8020400000005
Lisdoonvarna||0||0||-928.97106||-5303.0166899999995
Longford||0||0||-779.3109||-5372.755639999999
Lucan||0||0||-644.98488||-5335.72085
Macroom||0||0||-895.8847799999999||-5190.48039
Malahide||0||0||-615.01378||-5345.092360000001
Mallow||0||0||-865.39164||-5213.897619999999
Maynooth||0||0||-659.18499||-5338.12896
Midleton||0||0||-817.22358||-5191.37126
Moycullen||0||0||-918.14776||-5333.874809999999
Mullinavat||0||0||-717.09405||-5236.8994999999995
Mullingar||0||0||-733.8137800000001||-5352.59334
Navan||0||0||-668.42304||-5365.30417
New Ross||0||0||-694.719||-5239.620439999999
Newbridge||0||0||-680.47467||-5317.507579999999
Newcastle||0||0||-650.1023700000001||-5329.98135
Newmarket||0||0||-900.3081500000001||-5221.40232
Newport||0||0||-954.63685||-5388.52758
Oughterard||0||0||-931.89472||-5342.854810000001
Parknasilla||0||0||-987.18553||-5181.840510000001
Portlaoise||0||0||-729.8793300000001||-5303.2812300000005
Portmarnock||0||0||-613.16039||-5342.560839999998
Portrush||0||0||-665.35117||-5519.8933
Rathlin Island||0||0||-883.2610999999999||-5466.375
Rathmullan||0||0||-753.63061||-5509.70707
Rathnew||0||0||-608.2812||-5299.46004
Recess||0||0||-972.3701699999999||-5346.55285
Renvyle||0||0||-995.7940899999999||-5359.519679999999
Rosapenna||0||0||-782.3139999999999||-5519.15
Roscommon||0||0||-818.9095499999999||-5362.759059999999
Rosslare||0||0||-638.92254||-5227.20275
Rosslare Europort||0||0||-633.4444000000001||-5225.5556
Rossnowlagh||0||0||-820.7133799999999||-5455.71558
Roundstone||0||0||-991.9018399999999||-5339.642079999999
Shanagarry||0||0||-802.99249||-5185.27122
Shankill||0||0||-612.37578||-5323.32663
Shannon||0||0||-887.3067599999999||-5271.24708
Skibbereen||0||0||-926.2130299999999||-5155.5924399999985
Skull||0||0||-954.79801||-5152.6867
Slane||0||0||-654.3651199999999||-5370.86474
Sligo||0||0||-847.60888||-5427.661029999998
Spiddal||0||0||-928.181||-5325.317
Stillorgan||0||0||-620.35682||-5328.77953
Strabane||0||0||-738.53869||-5478.0684200000005
Straffan||0||0||-660.8824800000001||-5331.18851
Tahilla||0||0||-982.24205||-5183.044229999999
Templeglantine||0||0||-917.31||-5239.717000000001
Thomastown||0||0||-713.88211||-5252.70825
Tipperary||0||0||-816.1851399999999||-5247.3789400000005
Tralee||0||0||-969.9932499999999||-5227.13096
Tramore||0||0||-714.92952||-5216.143539999999
Virginia||0||0||-708.13222||-5383.44096
Waterford City||0||0||-712.9167||-5225.6667
Waterville||0||0||-1017.45436||-5182.9465
Westport||0||0||-951.4346699999999||-5380.213070000002
Wexford||0||0||-646.33381||-5233.6916
Wicklow||0||0||-604.4589||-5298.08207
Youghal||0||0||-784.71707||-5195.42704
